8001665704106
8001665713221
8006669002258
6130837000370
7790070320841
4316734068886
4001163134218
9003740067655
3266140061555
20045371
4104420221536
8024370056148
8019010344198
7617008178957
0810006580983
8480000062451
8801043157711
3229820786346
4104420209398
2000000074755
8001665708296
8001665127974
7790070320445
0089686140743
5032722311107
5060262485583
8053904630592
3266140060176
3263859472412
8436545624203
4067796002508
3153575630619
7501791670821
7790070318596
3266140051655
7790070317476
3245390025739
4058172329500
4104420014237
7790070335968
8480000062789
8480000062505
27081211
4006196886325
8015602000039
3245390106919
7798031154115
2200000801494
7640143670161
3564707000086
7501791628242
7790070321800
8005709204959
8480000224552
8480000523365
9311208003887
8032568560254
8480017233943
4066447122640
8033224522067
8053904630011
7790070336316
8480000062796
8801073115514
8995899980095
4058172516030
8006669008946
7792052999298
4104420207240
7730430001973
8801073114814
8934563207403
8480000064974
5060262487730
7790070318633
8801073141872
3263859471019
7480062763717
5201193111916
9311208000596
3250391110483
8053904630585
8000270700909
8001665117609
8001665715195
8801073142312
24058353
8432022000119
4058172440762
7772606000205
3760239180368
26014289
3266140059125
3263851444516
6952998413598
8007002000580
3596710326594
7772619000070
8710908958175
8015057003760
8801043157742
8006669002296
8480000227966
8600939212295
5060262489741
6009522300098
7772606000267
7772606000021
5000232024725
8006669002333
3162900070549
8006669004771
4058172440724
7802500000145
3379141809108
8001665714464
3248830770718
0041000022531
8801073113893
8001665700900
5605458660018
3701269709396
8009344100997
7772619000087
4580352290121
4018722305880
4018722830290
8436047996754
3700656400021
6009826980552
4061461821586
8003427008132
3266140059453
8006669011694
4001762010227
3292830292824
8402001021985
8001665705417
7790070317483
3153575653014
7772606098776
4104420208629
7501791634854
6009826980514
8480000063441
8801073115422
7790070320858
4061461006433
8001665713153
9003740067129
3560071081362
3267460030306
0810809038575
8032804430822
3760099510466
8400016470026
8021228901476
4061458102711
8024257270100
8053904630707
3270190182108
3270190218630
3250391535491
7610695002222
3175681259089
3258561110905
8076809537711
8436042308514
0495804044464
8934563958404
8480010290479
4018722343134
4000398254142
4018462142509
4013423910418
4075600033853
4021851541036
4005491005011
9018500059696
4316268455251
4305720077063
8053323644194
4311596410620
9100000962801
4006040073031
4061458003834
4316268502672
4066447122688
0087703327887
3267460050243
8007290331984
8001250310071
0004690052846
20849863
4056489127284
8410069012708
8076809580304
8000139007057
20404079
8007290000477
4061458068123
8480000158499
8076809513067
5601312070443
0010248765159
5054781951094
8004618005015
7340011443735
8007290932518
3021690010985
4316734069067
8000139926686
0021000658831
8032597608309
8006222300333
5057967394760
8014207000451
7750243294881
0064144043064
7610227903430
9100000153773
8001120895721
8076800315479
4388844037762
4009337903035
5000119300102
01277661
3560071189952
8001665707695
7340083478093
8005121001006
3364699043739
3270160812196
8005658018058
2000000111459
3564700994658
2004060033945
8436535010146
8713576282542
5060270121893
8003340033167
8001120929396
3250392556181
8437001415922
8480000121882
8002330102425
8411066003119
8410109050882
3700214611548
8410109103205
3560070669981
8002330017583
3350031672897
8002330002435
8410109000542
3258590002059
3477730001251
8000300379327
3560070670017
8006380315750
3477730040021
3760091726117
4056489471264
8436006834813
3760231780207
8480017139467
8006380215791
3760077187918
3483981190118
8430803015529
7898142863897
3477730001770
3260711079758
8480000121042
7616500646100
4388844023192
3477730001305
8017596078667
8006070072529
4061459605853
4311501796634
8410342000880
7622210780355
8002330017613
8026861044085
5057753211707
8410083001429
7622210780348
8000300379402
4044889002904
8026861038954
8030582802060
8026861054022
8410740904940
25040371
8002330017606
8938505214740
7627534586690
8410100036618
4044889004205
4006040202844
8410109000726
8006380315699
5011835100624
8001120730633
8410109000115
00938112
5941021001674
7610848492740
8433329045148
8480000121127
0062639305079
3700214616970
3258590002400
8410085220101
7622210973573
8410109008852
7898142863859
8480024732002
8002330102463
3260711079772
3760077181695
20177218
3760121210609
3350031632174
3483981900052
8431876121551
8437007611502
4337256274913
3564707000864
8002330023270
8006380215258
0060383998615
3256226088958
8410109104950
8410109005110
7622400624520
8410109003222
3222474102012
4388844216297
4311501480113
8002330017576
3560071181345
3564707142700
0060383888466
7613035302143
8410679234002
8410083000804
8411273000710
5060270121015
8411066003096
8410109109832
4044889004038
4044889002119
3560070856596
3413880022692
8412170024069
3396411221248
3222472658061
8410085219990
3760170550107
8480017718525
7610036002737
3477730001701
8026861044122
8026861044351
3245678046432
3396411223242
8430803008118
3173281466203
8410342002150
3347430014045
29039654
5000128981330
7797897003186
3700531202672
8026861054046
4000417931009
8006380211755
3760121210616
5017397077282
3245678046517
8412091001057
7622210703538
20261368
8000500018828
7622300107949
26034720
3850102519484
8410083000316
7613035040762
8008429580174
4021700904401
3270160854479
3700214610077
3664346306591
8017490050608
8410196086290
7622300650339
7501008330159
7622201456900
4058172166839
7771712000307
7622210959874
7891000277072
7613312286111
3046920047364
4044889002225
8000633035457
3760091720627
4311501485415
4000417026002
7891330016426
5412956214526
4000194240776
4061458086844
8436006832932
7616500678798
7771718300128
4058172714009
8411066003010
8006380315705
4044889001013
3046920043489
4000539625268
7622210732507
4316268595735
23280991
5000159504256
8026861050758
3760052691089
8431876064537
3700214612125
4044889002744
4088600440941
4014400931297
3760226260509
8480000121486
4000417296009
7790580132750
4099200034997
7790580115579
4088700063521
40144450
5391534340003
7771711000698
7771711001244
4001743019355
5000159560863
8015987003243
7771711001305
3024429278076
7771711000926
7771702000805
77767561
7771718300067
7501058623324
26033297
7771712000192
4000539130007
7771711001282
80960270
7771711000940
2000000147046
0037466083230
7771712001199
0741117000926
7622300990152
26108171
0756774041540
7773980120374
8007837009055
7771711001831
8134836687837
40084909
4015246005746
7771717001231
07432354
4056489547136
3542860692010
4388844123229
3412290023909
3222471139004
4056489030843
3256224332350
3184030003617
3564700014646
4337256610445
3023260029731
3123930650026
20068073
8710912029946
4056489091585
20024857
20614096
2320447002497
3123930711758
5054781763413
3256224332336
0200355021846
3228021170022
3412290028362
356470034072107
2110787002604
3564700014639
3123930650149
3412290006148
3564706596788
3123930710737
8710912203797
3560071245962
4337185755439
3350030161958
4337256103480
01222685
3216080072449
4400087054990
3412290028355
3564700014660
3256224332312
4061458047029
356470001465306
3560071245719
3560071224981
3256224332442
4337256103626
3564700340721
3222476449047
4337182072058
4311501356838
3123930612505
3123930650132
8480024823892
3250392404499
3250391556243
3412290011883
3256224310471
3332621044727
3155250321799
20590215
3077200032602
3564709031736
3267031040697
3267031640019
20024727
26065410
3437330238952
3412290093537
3161711001971
3272320012507
20024758
3428380101037
3564709182902
3564709000343
22125293
20206086
3450970138949
3254550030230
3275240312016
3256224310525
3272320012569
3184030003570
3564700438152
3256224310150
3250392280369
3564709190204
3564700562406
3523230029681
3412290015386
3149290003029
3176582040103
3412290055696
26065458
3564709040790
3564709190402
3267031600105
3564709005683
3222120002987
3228022120064
3161712963223
5711953070266
8007222204034
20097776
8015369000037
8019514082466
3560070060252
8000430139075
0457739070727
8002670007794
20098179
8026203000373
8032589051083
5601312305132
7610848091264
7613331606082
7501020537543
8059070740004
8424590005030
8016784555553
8002670005769
8010749101878
8028451022121
8002626020228
8032891701324
8026160002441
8000430138801
8000430138627
4337185553820
8026160000706
8480000510501
8023074000181
8480000511102
3564700404546
8032998662122
8032891701065
8002670004205
8015369000082
5400101225091
8058151750406
3256224311119
3256220508353
8026160010354
4016993105727
9010158006916
5060011704712
8002626305011
3222472243151
20205164
5054070607053
8019514075574
20595388
8022467150168
29061518
8021398256802
5000165358126
4088600047188
8030582800745
4388844007567
4316268501002
20706838
3564709006031
7772919470030
4006402035516
5052449263695
3073780832717
8008719001143
8423086010190
8014745013814
4388844006904
8410285190273
01814835
3023260026273
8480017225979
8424457000031
4250356501140
5000169224786
4316268660198
8432022001574
26065175
40508412
4316268623469
5900512700038
5760466737296
3161710000678
4061458136655
3523230022613
8002626020068
8002710332992
20531867
8413376034609
8003170018501
20929879
8480017111791
4311501317235
40203089
2281790003541
8033753093472
3480341001015
5201704054183
8002710412526
4056489042570
4002468199346
8000430240108
7622300337698
5902899117225
3277591526081
3073780960410
3250391591275
7501020537390
8432094551113
4311501496633
20266387
7501040081101
4061458044622
7501040083617
8480017000699
4056489055044
7501040083624
9542340010154
8033520512212
8410864125160
22152725
7501669803245
8420641310320
20617226
0021000602704
7503004748488
8480017226419
26064567
7501669802422
5017243080558
2811404001757
5057753926151
2202240002075
0052833227017
3564700425923
0060340240719