4075600113487
5014276700828
5036854001486
5051413183106
5052910404367
5052910959232
5054269933031
5057172226085
5057545807132
5057545877579
5057753211820
5057967013869
5059697710001
5060034489337
5060050986520
5060133150329
5060430551577
5200101976142
5202178003141
5292848000051
5400101059658
5410522513257
5412956214519
5601055317225
5601286201782
5701215642935
5901384505325
5901882110151
5997523328078
6009826980064
6194049404029
6217854806908
6423366001421
6920238011118
6925052198854
7501018310028
7501040081422
7501040083716
7501077513941
7501669802323
7501669826022
7501791628204
75019426
7503004987221
7503019241158
75030896
7610036002775
7610036020052
7610227642568
7610227919103
7610400014649
7610400066198
7610400087353
7610617602998
7610695002536
7610695002598
7610695003663
7610961400318
7613036410182
7613036877237
7613037051230
7613379712240
7614500034132
7616500654570
7616800705057
7617027115025
7622201674069
7622210189592
7622210439970
7622210578464
7622210961976
7622300185015
7622300650353
7702085003428
7754487001700
7771223000223
7771711000001
7771711000841
7771711001237
7771711002067
7771712000628
7771712001311
7771718010140
7771718072131
7771718072414
8000139929779
8000430030235
8000430156461
8000500390641
8000633034344
8000633052249
8000633052911
8000902005259
8001120024930
8001120730558
8001120730749
8001120929419
8001120983916
8001120987174
8001120988843
8001250120236
8001250120410
8001300652076
8001350020504
8001665123068
8001665124621
8001665128032
8001665705059
8002325660909
8002330010058
8002330017590
8002330017620
8002330064600
8002330130978
8002670005554
8002670005738
8002996303105
8002996326869
8003100917690
8003170081062
8003288349474
8003288429336
8003340030753
8003340030975
8003340037608
8003340079080
8003435005994
8003535053130
8005028149207
8005121000092
8005180060235
8005180060259
8006013990545
8006070071195
8006070073649
8006380211205
8006380215203
8006380215401
8006380215715
8006380215807
8006380315743
8006380331125
8006669002272
8006669011717
8006669012868
8007066005330
8007290335081
8007692042310
8007729000832
8008034000265
8008343201735
8008343700481
8008343812702
8008429231014
8008912010324
8009452227074
8010721996836
8010721998731
8010895000964
8011608000011
8012666048694
8013108622601
8013399152955
8013781170741
8015197042599
8016225341431
8016225377485
8016419001561
8017596100771
8017596104502
8017596126351
8017856046429
8018048000052
8019514082459
8019634000197
8022174004365
8022903001870
8024370000219
8025093130030
8026101000109
8026861039081
8030172000241
8030582019444
8030582900292
8032804430440
8032804430846
8032804431522
8032804432017
8033182650468
8033256052563
8033520518092
8033829380277
8033954556752
80493563
8051884440422
8053904631124
8055731091430
8056450920421
8057714197887
8076802085707
8076808050440
8076809512268
8076809515092
8076809515313
8076809523738
8402001013522
8410069000224
8410069002280
8410069018526
8410069018588
8410069019028
8410109000023
8410109002157
8410109003161
8410156502105
8410342002174
8411066003089
8411066003102
8412289000138
8420708012693
8422623125106
8422791005170
8423086010152
8425197712086
8428159116632
8431876098976
8431876286960
8433329045193
8435081102848
8436535010122
8436545620250
8436558315723
8437001415960
8445290323392
8480000061430
8480000063144
8480000613158
8480010102116
8480010348279
8480010359916
8480012042502
8480017151964
8480017162960
8480017174826
8480017828675
8606108584194
8690504022732
8690504141952
8710912029915
8710912043256
8711327414938
8712429361502
8713965100051
8717677339914
8717677339938
8718907136068
8801045999906
8801073113312
8801073113381
8850987131240
8852018101062
8852018101185
8888056708109
8901725119256
9005545002190
9100000822136
9300601006113
9300601970247
9300633990336
9300698501904
9310645044422
9339687136872
9555022302003
