0004690052846
0010248765159
0021000602704
0021000658831
0037466083230
0041000022531
0052833227017
0060340240719
0060383888466
0060383998615
0062639305079
0064144043064
0087703327887
0089686140743
00938112
01222685
01277661
01814835
0200355021846
0457739070727
0495804044464
0741117000926
07432354
0756774041540
0810006580983
0810809038575
2000000074755
2000000111459
2000000147046
20024727
20024758
20024857
2004060033945
20045371
20068073
20097776
20098179
20177218
20205164
20206086
20261368
20266387
20404079
20531867
20590215
20595388
20614096
20617226
20706838
20849863
20929879
2110787002604
2200000801494
2202240002075
22125293
22152725
2281790003541
2320447002497
23280991
24058353
25040371
26014289
26033297
26034720
26064567
26065175
26065410
26065458
26108171
27081211
2811404001757
29039654
29061518
3021690010985
3023260026273
3023260029731
3024429278076
3046920043489
3046920047364
3073780832717
3073780960410
3077200032602
3123930612505
3123930650026
3123930650132
3123930650149
3123930710737
3123930711758
3149290003029
3153575630619
3153575653014
3155250321799
3161710000678
3161711001971
3161712963223
3162900070549
3173281466203
3175681259089
3176582040103
3184030003570
3184030003617
3216080072449
3222120002987
3222471139004
3222472243151
3222472658061
3222474102012
3222476449047
3228021170022
3228022120064
3229820786346
3245390025739
3245390106919
3245678046432
3245678046517
3248830770718
3250391110483
3250391535491
3250391556243
3250391591275
3250392280369
3250392404499
3250392556181
3254550030230
3256220508353
3256224310150
3256224310471
3256224310525
3256224311119
3256224332312
3256224332336
3256224332350
3256224332442
3256226088958
3258561110905
3258590002059
3258590002400
3260711079758
3260711079772
3263851444516
3263859471019
3263859472412
3266140051655
3266140059125
3266140059453
3266140060176
3266140061555
3267031040697
3267031600105
3267031640019
3267460030306
3267460050243
3270160812196
3270160854479
3270190182108
3270190218630
3272320012507
3272320012569
3275240312016
3277591526081
3292830292824
3332621044727
3347430014045
3350030161958
3350031632174
3350031672897
3364699043739
3379141809108
3396411221248
3396411223242
3412290006148
3412290011883
3412290015386
3412290023909
3412290028355
3412290028362
3412290055696
3412290093537
3413880022692
3428380101037
3437330238952
3450970138949
3477730001251
3477730001305
3477730001701
3477730001770
3477730040021
3480341001015
3483981190118
3483981900052
3523230022613
3523230029681
3542860692010
3560070060252
3560070669981
3560070670017
3560070856596
3560071081362
3560071181345
3560071189952
3560071224981
3560071245719
3560071245962
3564700014639
3564700014646
356470001465306
3564700014660
3564700340721
356470034072107
3564700404546
3564700425923
3564700438152
3564700562406
3564700994658
3564706596788
3564707000086
3564707000864
3564707142700
3564709000343
3564709005683
3564709006031
3564709031736
3564709040790
3564709182902
3564709190204
3564709190402
3596710326594
3664346306591
3700214610077
3700214611548
3700214612125
3700214616970
3700531202672
3700656400021
3701269709396
3760052691089
3760077181695
3760077187918
3760091720627
3760091726117
3760099510466
3760121210609
3760121210616
3760170550107
3760226260509
3760231780207
3760239180368
3850102519484
4000194240776
4000398254142
4000417026002
4000417296009
4000417931009
4000539130007
4000539625268
4001163134218
4001743019355
4001762010227
4002468199346
4005491005011
4006040073031
4006040202844
4006196886325
4006402035516
40084909
4009337903035
4013423910418
4014400931297
40144450
4015246005746
4016993105727
4018462142509
4018722305880
4018722343134
4018722830290
40203089
4021700904401
4021851541036
4044889001013
4044889002119
4044889002225
4044889002744
4044889002904
4044889004038
4044889004205
40508412
4056489030843
4056489042570
4056489055044
4056489091585
4056489127284
4056489471264
4056489547136
4058172166839
4058172329500
4058172440724
4058172440762
4058172516030
4058172714009
4061458003834
4061458044622
4061458047029
4061458068123
4061458086844
4061458102711
4061458136655
4061459605853
4061461006433
4061461821586
4066447122640
4066447122688
4067796002508
4075600033853
4088600047188
4088600440941
4088700063521
4099200034997
4104420014237
4104420207240
4104420208629
4104420209398
4104420221536
4250356501140
4305720077063
4311501317235
4311501356838
4311501480113
4311501485415
4311501496633
4311501796634
4311596410620
4316268455251
4316268501002
4316268502672
4316268595735
4316268623469
4316268660198
4316734068886
4316734069067
4337182072058
4337185553820
4337185755439
4337256103480
4337256103626
4337256274913
4337256610445
4388844006904
4388844007567
4388844023192
4388844037762
4388844123229
4388844216297
4400087054990
4580352290121
5000119300102
5000128981330
5000159504256
5000159560863
5000165358126
5000169224786
5000232024725
5011835100624
5017243080558
5017397077282
5032722311107
5052449263695
5054070607053
5054781763413
5054781951094
5057753211707
5057753926151
5057967394760
5060011704712
5060262485583
5060262487730
5060262489741
5060270121015
5060270121893
5201193111916
5201704054183
5391534340003
5400101225091
5412956214526
5601312070443
5601312305132
5605458660018
5711953070266
5760466737296
5900512700038
5902899117225
5941021001674
6009522300098
6009826980514
6009826980552
6130837000370
6952998413598
7340011443735
7340083478093
7480062763717
7501008330159
7501020537390
7501020537543
7501040081101
7501040083617
7501040083624
7501058623324
7501669802422
7501669803245
7501791628242
7501791634854
7501791670821
7503004748488
7610036002737
7610227903430
7610695002222
7610848091264
7610848492740
7613035040762
7613035302143
7613312286111
7613331606082
7616500646100
7616500678798
7617008178957
7622201456900
7622210703538
7622210732507
7622210780348
7622210780355
7622210959874
7622210973573
7622300107949
7622300337698
7622300650339
7622300990152
7622400624520
7627534586690
7640143670161
7730430001973
7750243294881
7771702000805
7771711000698
7771711000926
7771711000940
7771711001244
7771711001282
7771711001305
7771711001831
7771712000192
7771712000307
7771712001199
7771717001231
7771718300067
7771718300128
7772606000021
7772606000205
7772606000267
7772606098776
7772619000070
7772619000087
7772919470030
7773980120374
77767561
7790070317476
7790070317483
7790070318596
7790070318633
7790070320445
7790070320841
7790070320858
7790070321800
7790070335968
7790070336316
7790580115579
7790580132750
7792052999298
7797897003186
7798031154115
7802500000145
7891000277072
7891330016426
7898142863859
7898142863897
8000139007057
8000139926686
8000270700909
8000300379327
8000300379402
8000430138627
8000430138801
8000430139075
8000430240108
8000500018828
8000633035457
8001120730633
8001120895721
8001120929396
8001250310071
8001665117609
8001665127974
8001665700900
8001665704106
8001665705417
8001665707695
8001665708296
8001665713153
8001665713221
8001665714464
8001665715195
8002330002435
8002330017576
8002330017583
8002330017606
8002330017613
8002330023270
8002330102425
8002330102463
8002626020068
8002626020228
8002626305011
8002670004205
8002670005769
8002670007794
8002710332992
8002710412526
8003170018501
8003340033167
8003427008132
8004618005015
8005121001006
8005658018058
8005709204959
8006070072529
8006222300333
8006380211755
8006380215258
8006380215791
8006380315699
8006380315705
8006380315750
8006669002258
8006669002296
8006669002333
8006669004771
8006669008946
8006669011694
8007002000580
8007222204034
8007290000477
8007290331984
8007290932518
8007837009055
8008429580174
8008719001143
8009344100997
8010749101878
8014207000451
8014745013814
8015057003760
8015369000037
8015369000082
8015602000039
8015987003243
8016784555553
8017490050608
8017596078667
8019010344198
8019514075574
8019514082466
8021228901476
8021398256802
8022467150168
8023074000181
8024257270100
8024370056148
8026160000706
8026160002441
8026160010354
8026203000373
8026861038954
8026861044085
8026861044122
8026861044351
8026861050758
8026861054022
8026861054046
8028451022121
8030582800745
8030582802060
8032568560254
8032589051083
8032597608309
8032804430822
8032891701065
8032891701324
8032998662122
8033224522067
8033520512212
8033753093472
8053323644194
8053904630011
8053904630585
8053904630592
8053904630707
8058151750406
8059070740004
8076800315479
8076809513067
8076809537711
8076809580304
80960270
8134836687837
8400016470026
8402001021985
8410069012708
8410083000316
8410083000804
8410083001429
8410085219990
8410085220101
8410100036618
8410109000115
8410109000542
8410109000726
8410109003222
8410109005110
8410109008852
8410109050882
8410109103205
8410109104950
8410109109832
8410196086290
8410285190273
8410342000880
8410342002150
8410679234002
8410740904940
8410864125160
8411066003010
8411066003096
8411066003119
8411273000710
8412091001057
8412170024069
8413376034609
8420641310320
8423086010190
8424457000031
8424590005030
8430803008118
8430803015529
8431876064537
8431876121551
8432022000119
8432022001574
8432094551113
8433329045148
8436006832932
8436006834813
8436042308514
8436047996754
8436535010146
8436545624203
8437001415922
8437007611502
8480000062451
8480000062505
8480000062789
8480000062796
8480000063441
8480000064974
8480000121042
8480000121127
8480000121486
8480000121882
8480000158499
8480000224552
8480000227966
8480000510501
8480000511102
8480000523365
8480010290479
8480017000699
8480017111791
8480017139467
8480017225979
8480017226419
8480017233943
8480017718525
8480024732002
8480024823892
8600939212295
8710908958175
8710912029946
8710912203797
8713576282542
8801043157711
8801043157742
8801073113893
8801073114814
8801073115422
8801073115514
8801073141872
8801073142312
8934563207403
8934563958404
8938505214740
8995899980095
9003740067129
9003740067655
9010158006916
9018500059696
9100000153773
9100000962801
9311208000596
9311208003887
9542340010154
